0,0,'20260427',5068,5069,5070,5071,5072,5073,5074,5075,5076,5077,5078,5079,5080,5081,5082,5083,5084,5085,5086,5087,5088,5089,5090,5091,5092,5093,5094,5095,5096,5097,5098,5099,5100,5101,5102,5103,5104,5105,5106,5107,5108,5109,5110,5111,5112,5113,5114,5115,5116,5117,5118,5119,5120,5121,5122,5123,5124,5125,5126,5127,5128,5129,5130,5131,5132,5133,5134,5135,5136,5137,5138,5139,5140,5141,5142,5143,5144,5145,5146,5147,5148
0,0,'20260428',5149,5150,5151,5152,5153,5154,5155,5156,5157,5158,5159,5160,5161,5162,5163,5164,5165,5166,5167,5168,5169,5170,5171,5172,5173,5174,5175,5176,5177,5178,5179,5180,5181,5182,5183,5184,5185,5186,5187,5188,5189,5190,5191,5192,5193,5194,5195,5196,5197,5198,5199,5200,5201,5202,5203,5204,5205,5206,5207,5208,5209,5210,5211,5212,5213,5214,5215,5216,5217,5218,5219,5220,5221,5222,5223,5224,5225,5226,5227,5228,5229
0,0,'20260429',5230,5231,5232,5233,5234,5235,5236,5237,5238,5239,5240,5241,5242,5243,5244,5245,5246,5247,5248,5249,5250,5251,5252,5253,5254,5255,5256,5257,5258,5259,5260,5261,5262,5263,5264,5265,5266,5267,5268,5269,5270,5271,5272,5273,5274,5275,5276,5277,5278,5279,5280,5281,5282,5283,5284,5285,5286,5287,5288,5289,5290,5291,5292,5293,5294,5295,5296,5297,5298,5299,5300,5301,5302,5303,5304,5305,5306,5307,5308,5309,5310
0,0,'20260430',5311,5312,5313,5314,5315,5316,5317,5318,5319,5320,5321,5322,5323,5324,5325,5326,5327,5328,5329,5330,5331,5332,5333,5334,5335,5336,5337,5338,5339,5340,5341,5342,5343,5344,5345,5346,5347,5348,5349,5350,5351,5352,5353,5354,5355,5356,5357,5358,5359,5360,5361,5362,5363,5364,5365,5366,5367,5368,5369,5370,5371,5372,5373,5374,5375,5376,5377,5378,5379,5380,5381,5382,5383,5384,5385,5386,5387,5388,5389,5390,5391
0,0,'20260501',5392,5393,5394,5395,5396,5397,5398,5399,5400,5401,5402,5403,5404,5405,5406,5407,5408,5409,5410,5411,5412,5413,5414,5415,5416,5417,5418,5419,5420,5421,5422,5423,5424,5425,5426,5427,5428,5429,5430,5431,5432,5433,5434,5435,5436,5437,5438,5439,5440,5441,5442,5443,5444,5445,5446,5447,5448,5449,5450,5451,5452,5453,5454,5455,5456,5457,5458,5459,5460,5461,5462,5463,5464,5465,5466,5467,5468,5469,5470,5471,5472
0,0,'20260502',5473,5474,5475,5476,5477,5478,5479,5480,5481,5482,5483,5484,5485,5486,5487,5488,5489,5490,5491,5492,5493,5494,5495,5496,5497,5498,5499,5500,5501,5502,5503,5504,5505,5506,5507,5508,5509,5510,5511,5512,5513,5514,5515,5516,5517,5518,5519,5520,5521,5522,5523,5524,5525,5526,5527,5528,5529,5530,5531,5532,5533,5534,5535,5536,5537,5538,5539,5540,5541,5542,5543,5544,5545,5546,5547,5548,5549
0,0,'20260504',5627,5628,5629,5630,5631,5632,5633,5634,5635,5636,5637,5638,5639,5640,5641,5642,5643,5644,5645,5646,5647,5648,5649,5650,5651,5652,5653,5654,5655,5656,5657,5658,5659,5660,5661,5662,5663,5664,5665,5666,5667,5668,5669,5670,5671,5672,5673,5674,5675,5676,5677,5678,5679,5680,5681,5682,5683,5684,5685,5686,5687,5688,5689,5690,5691,5692,5693,5694,5695,5696,5697,5698,5699,5700,5701,5702,5703,5704,5705,5706,5707
0,0,'20260505',5708,5709,5710,5711,5712,5713,5714,5715,5716,5717,5718,5719,5720,5721,5722,5723,5724,5725,5726,5727,5728,5729,5730,5731,5732,5733,5734,5735,5736,5737,5738,5739,5740,5741,5742,5743,5744,5745,5746,5747,5748,5749,5750,5751,5752,5753,5754,5755,5756,5757,5758,5759,5760,5761,5762,5763,5764,5765,5766,5767,5768,5769,5770,5771,5772,5773,5774,5775,5776,5777,5778,5779,5780,5781,5782,5783,5784,5785,5786,5787,5788
0,0,'20260506',5789,5790,5791,5792,5793,5794,5795,5796,5797,5798,5799,5800,5801,5802,5803,5804,5805,5806,5807,5808,5809,5810,5811,5812,5813,5814,5815,5816,5817,5818,5819,5820,5821,5822,5823,5824,5825,5826,5827,5828,5829,5830,5831,5832,5833,5834,5835,5836,5837,5838,5839,5840,5841,5842,5843,5844,5845,5846,5847,5848,5849,5850,5851,5852,5853,5854,5855,5856,5857,5858,5859,5860,5861,5862,5863,5864,5865,5866,5867,5868,5869
0,0,'20260507',5870,5871,5872,5873,5874,5875,5876,5877,5878,5879,5880,5881,5882,5883,5884,5885,5886,5887,5888,5889,5890,5891,5892,5893,5894,5895,5896,5897,5898,5899,5900,5901,5902,5903,5904,5905,5906,5907,5908,5909,5910,5911,5912,5913,5914,5915,5916,5917,5918,5919,5920,5921,5922,5923,5924,5925,5926,5927,5928,5929,5930,5931,5932,5933,5934,5935,5936,5937,5938,5939,5940,5941,5942,5943,5944,5945,5946,5947,5948,5949,5950
0,0,'20260508',5951,5952,5953,5954,5955,5956,5957,5958,5959,5960,5961,5962,5963,5964,5965,5966,5967,5968,5969,5970,5971,5972,5973,5974,5975,5976,5977,5978,5979,5980,5981,5982,5983,5984,5985,5986,5987,5988,5989,5990,5991,5992,5993,5994,5995,5996,5997,5998,5999,6000,6001,6002,6003,6004,6005,6006,6007,6008,6009,6010,6011,6012,6013,6014,6015,6016,6017,6018,6019,6020,6021,6022,6023,6024,6025,6026,6027,6028,6029,6030,6031
0,0,'20260509',6032,6033,6034,6035,6036,6037,6038,6039,6040,6041,6042,6043,6044,6045,6046,6047,6048,6049,6050,6051,6052,6053,6054,6055,6056,6057,6058,6059,6060,6061,6062,6063,6064,6065,6066,6067,6068,6069,6070,6071,6072,6073,6074,6075,6076,6077,6078,6079,6080,6081,6082,6083,6084,6085,6086,6087,6088,6089,6090,6091,6092,6093,6094,6095,6096,6097,6098,6099,6100,6101,6102,6103,6104,6105,6106,6107,6108
0,0,'20260511',6186,6187,6188,6189,6190,6191,6192,6193,6194,6195,6196,6197,6198,6199,6200,6201,6202,6203,6204,6205,6206,6207,6208,6209,6210,6211,6212,6213,6214,6215,6216,6217,6218,6219,6220,6221,6222,6223,6224,6225,6226,6227,6228,6229,6230,6231,6232,6233,6234,6235,6236,6237,6238,6239,6240,6241,6242,6243,6244,6245,6246,6247,6248,6249,6250,6251,6252,6253,6254,6255,6256,6257,6258,6259,6260,6261,6262,6263,6264,6265,6266
0,0,'20260512',6267,6268,6269,6270,6271,6272,6273,6274,6275,6276,6277,6278,6279,6280,6281,6282,6283,6284,6285,6286,6287,6288,6289,6290,6291,6292,6293,6294,6295,6296,6297,6298,6299,6300,6301,6302,6303,6304,6305,6306,6307,6308,6309,6310,6311,6312,6313,6314,6315,6316,6317,6318,6319,6320,6321,6322,6323,6324,6325,6326,6327,6328,6329,6330,6331,6332,6333,6334,6335,6336,6337,6338,6339,6340,6341,6342,6343,6344,6345,6346,6347
0,0,'20260513',6348,6349,6350,6351,6352,6353,6354,6355,6356,6357,6358,6359,6360,6361,6362,6363,6364,6365,6366,6367,6368,6369,6370,6371,6372,6373,6374,6375,6376,6377,6378,6379,6380,6381,6382,6383,6384,6385,6386,6387,6388,6389,6390,6391,6392,6393,6394,6395,6396,6397,6398,6399,6400,6401,6402,6403,6404,6405,6406,6407,6408,6409,6410,6411,6412,6413,6414,6415,6416,6417,6418,6419,6420,6421,6422,6423,6424,6425,6426,6427,6428
0,0,'20260514',6429,6430,6431,6432,6433,6434,6435,6436,6437,6438,6439,6440,6441,6442,6443,6444,6445,6446,6447,6448,6449,6450,6451,6452,6453,6454,6455,6456,6457,6458,6459,6460,6461,6462,6463,6464,6465,6466,6467,6468,6469,6470,6471,6472,6473,6474,6475,6476,6477,6478,6479,6480,6481,6482,6483,6484,6485,6486,6487,6488,6489,6490,6491,6492,6493,6494,6495,6496,6497,6498,6499,6500,6501,6502,6503,6504,6505,6506,6507,6508,6509
0,0,'20260515',6510,6511,6512,6513,6514,6515,6516,6517,6518,6519,6520,6521,6522,6523,6524,6525,6526,6527,6528,6529,6530,6531,6532,6533,6534,6535,6536,6537,6538,6539,6540,6541,6542,6543,6544,6545,6546,6547,6548,6549,6550,6551,6552,6553,6554,6555,6556,6557,6558,6559,6560,6561,6562,6563,6564,6565,6566,6567,6568,6569,6570,6571,6572,6573,6574,6575,6576,6577,6578,6579,6580,6581,6582,6583,6584,6585,6586,6587,6588,6589,6590
0,0,'20260516',6591,6592,6593,6594,6595,6596,6597,6598,6599,6600,6601,6602,6603,6604,6605,6606,6607,6608,6609,6610,6611,6612,6613,6614,6615,6616,6617,6618,6619,6620,6621,6622,6623,6624,6625,6626,6627,6628,6629,6630,6631,6632,6633,6634,6635,6636,6637,6638,6639,6640,6641,6642,6643,6644,6645,6646,6647,6648,6649,6650,6651,6652,6653,6654,6655,6656,6657,6658,6659,6660,6661,6662,6663,6664,6665,6666,6667
0,1,'20260427',17468,17469,17470,17471,17472,17473,17474,17475,17476,17477,17478,17479,17480,17481,17482,17483,17484,17485,17486,17487,17488,17489,17490,17491,17492,17493,17494,17495,17496,17497,17498,17499,17500,17501,17502,17503,17504,17505,17506,17507,17508,17509,17510,17511,17512,17513,17514,17515,17516,17517,17518,17519,17520,17521,17522,17523,17524,17525,17526,17527,17528,17529,17530,17531,17532,17533,17534,17535,17536,17537,17538,17539,17540,17541,17542,17543,17544,17545,17546
0,1,'20260428',17547,17548,17549,17550,17551,17552,17553,17554,17555,17556,17557,17558,17559,17560,17561,17562,17563,17564,17565,17566,17567,17568,17569,17570,17571,17572,17573,17574,17575,17576,17577,17578,17579,17580,17581,17582,17583,17584,17585,17586,17587,17588,17589,17590,17591,17592,17593,17594,17595,17596,17597,17598,17599,17600,17601,17602,17603,17604,17605,17606,17607,17608,17609,17610,17611,17612,17613,17614,17615,17616,17617,17618,17619,17620,17621,17622,17623,17624,17625
0,1,'20260429',17626,17627,17628,17629,17630,17631,17632,17633,17634,17635,17636,17637,17638,17639,17640,17641,17642,17643,17644,17645,17646,17647,17648,17649,17650,17651,17652,17653,17654,17655,17656,17657,17658,17659,17660,17661,17662,17663,17664,17665,17666,17667,17668,17669,17670,17671,17672,17673,17674,17675,17676,17677,17678,17679,17680,17681,17682,17683,17684,17685,17686,17687,17688,17689,17690,17691,17692,17693,17694,17695,17696,17697,17698,17699,17700,17701,17702,17703,17704
0,1,'20260430',17705,17706,17707,17708,17709,17710,17711,17712,17713,17714,17715,17716,17717,17718,17719,17720,17721,17722,17723,17724,17725,17726,17727,17728,17729,17730,17731,17732,17733,17734,17735,17736,17737,17738,17739,17740,17741,17742,17743,17744,17745,17746,17747,17748,17749,17750,17751,17752,17753,17754,17755,17756,17757,17758,17759,17760,17761,17762,17763,17764,17765,17766,17767,17768,17769,17770,17771,17772,17773,17774,17775,17776,17777,17778,17779,17780,17781,17782,17783
0,1,'20260501',17784,17785,17786,17787,17788,17789,17790,17791,17792,17793,17794,17795,17796,17797,17798,17799,17800,17801,17802,17803,17804,17805,17806,17807,17808,17809,17810,17811,17812,17813,17814,17815,17816,17817,17818,17819,17820,17821,17822,17823,17824,17825,17826,17827,17828,17829,17830,17831,17832,17833,17834,17835,17836,17837,17838,17839,17840,17841,17842,17843,17844,17845,17846,17847,17848,17849,17850,17851,17852,17853,17854,17855,17856,17857,17858,17859,17860,17861,17862
0,1,'20260502',17863,17864,17865,17866,17867,17868,17869,17870,17871,17872,17873,17874,17875,17876,17877,17878,17879,17880,17881,17882,17883,17884,17885,17886,17887,17888,17889,17890,17891,17892,17893,17894,17895,17896,17897,17898,17899,17900,17901,17902,17903,17904,17905,17906,17907,17908,17909,17910,17911,17912,17913,17914,17915,17916,17917,17918,17919,17920,17921,17922,17923,17924,17925,17926,17927,17928,17929,17930,17931,17932,17933,17934,17935,17936,17937
0,1,'20260504',18013,18014,18015,18016,18017,18018,18019,18020,18021,18022,18023,18024,18025,18026,18027,18028,18029,18030,18031,18032,18033,18034,18035,18036,18037,18038,18039,18040,18041,18042,18043,18044,18045,18046,18047,18048,18049,18050,18051,18052,18053,18054,18055,18056,18057,18058,18059,18060,18061,18062,18063,18064,18065,18066,18067,18068,18069,18070,18071,18072,18073,18074,18075,18076,18077,18078,18079,18080,18081,18082,18083,18084,18085,18086,18087,18088,18089,18090,18091
0,1,'20260505',18092,18093,18094,18095,18096,18097,18098,18099,18100,18101,18102,18103,18104,18105,18106,18107,18108,18109,18110,18111,18112,18113,18114,18115,18116,18117,18118,18119,18120,18121,18122,18123,18124,18125,18126,18127,18128,18129,18130,18131,18132,18133,18134,18135,18136,18137,18138,18139,18140,18141,18142,18143,18144,18145,18146,18147,18148,18149,18150,18151,18152,18153,18154,18155,18156,18157,18158,18159,18160,18161,18162,18163,18164,18165,18166,18167,18168,18169,18170
0,1,'20260506',18171,18172,18173,18174,18175,18176,18177,18178,18179,18180,18181,18182,18183,18184,18185,18186,18187,18188,18189,18190,18191,18192,18193,18194,18195,18196,18197,18198,18199,18200,18201,18202,18203,18204,18205,18206,18207,18208,18209,18210,18211,18212,18213,18214,18215,18216,18217,18218,18219,18220,18221,18222,18223,18224,18225,18226,18227,18228,18229,18230,18231,18232,18233,18234,18235,18236,18237,18238,18239,18240,18241,18242,18243,18244,18245,18246,18247,18248,18249
0,1,'20260507',18250,18251,18252,18253,18254,18255,18256,18257,18258,18259,18260,18261,18262,18263,18264,18265,18266,18267,18268,18269,18270,18271,18272,18273,18274,18275,18276,18277,18278,18279,18280,18281,18282,18283,18284,18285,18286,18287,18288,18289,18290,18291,18292,18293,18294,18295,18296,18297,18298,18299,18300,18301,18302,18303,18304,18305,18306,18307,18308,18309,18310,18311,18312,18313,18314,18315,18316,18317,18318,18319,18320,18321,18322,18323,18324,18325,18326,18327,18328
0,1,'20260508',18329,18330,18331,18332,18333,18334,18335,18336,18337,18338,18339,18340,18341,18342,18343,18344,18345,18346,18347,18348,18349,18350,18351,18352,18353,18354,18355,18356,18357,18358,18359,18360,18361,18362,18363,18364,18365,18366,18367,18368,18369,18370,18371,18372,18373,18374,18375,18376,18377,18378,18379,18380,18381,18382,18383,18384,18385,18386,18387,18388,18389,18390,18391,18392,18393,18394,18395,18396,18397,18398,18399,18400,18401,18402,18403,18404,18405,18406,18407
0,1,'20260509',18408,18409,18410,18411,18412,18413,18414,18415,18416,18417,18418,18419,18420,18421,18422,18423,18424,18425,18426,18427,18428,18429,18430,18431,18432,18433,18434,18435,18436,18437,18438,18439,18440,18441,18442,18443,18444,18445,18446,18447,18448,18449,18450,18451,18452,18453,18454,18455,18456,18457,18458,18459,18460,18461,18462,18463,18464,18465,18466,18467,18468,18469,18470,18471,18472,18473,18474,18475,18476,18477,18478,18479,18480,18481,18482
0,1,'20260511',18558,18559,18560,18561,18562,18563,18564,18565,18566,18567,18568,18569,18570,18571,18572,18573,18574,18575,18576,18577,18578,18579,18580,18581,18582,18583,18584,18585,18586,18587,18588,18589,18590,18591,18592,18593,18594,18595,18596,18597,18598,18599,18600,18601,18602,18603,18604,18605,18606,18607,18608,18609,18610,18611,18612,18613,18614,18615,18616,18617,18618,18619,18620,18621,18622,18623,18624,18625,18626,18627,18628,18629,18630,18631,18632,18633,18634,18635,18636
0,1,'20260512',18637,18638,18639,18640,18641,18642,18643,18644,18645,18646,18647,18648,18649,18650,18651,18652,18653,18654,18655,18656,18657,18658,18659,18660,18661,18662,18663,18664,18665,18666,18667,18668,18669,18670,18671,18672,18673,18674,18675,18676,18677,18678,18679,18680,18681,18682,18683,18684,18685,18686,18687,18688,18689,18690,18691,18692,18693,18694,18695,18696,18697,18698,18699,18700,18701,18702,18703,18704,18705,18706,18707,18708,18709,18710,18711,18712,18713,18714,18715
0,1,'20260513',18716,18717,18718,18719,18720,18721,18722,18723,18724,18725,18726,18727,18728,18729,18730,18731,18732,18733,18734,18735,18736,18737,18738,18739,18740,18741,18742,18743,18744,18745,18746,18747,18748,18749,18750,18751,18752,18753,18754,18755,18756,18757,18758,18759,18760,18761,18762,18763,18764,18765,18766,18767,18768,18769,18770,18771,18772,18773,18774,18775,18776,18777,18778,18779,18780,18781,18782,18783,18784,18785,18786,18787,18788,18789,18790,18791,18792,18793,18794
0,1,'20260514',18795,18796,18797,18798,18799,18800,18801,18802,18803,18804,18805,18806,18807,18808,18809,18810,18811,18812,18813,18814,18815,18816,18817,18818,18819,18820,18821,18822,18823,18824,18825,18826,18827,18828,18829,18830,18831,18832,18833,18834,18835,18836,18837,18838,18839,18840,18841,18842,18843,18844,18845,18846,18847,18848,18849,18850,18851,18852,18853,18854,18855,18856,18857,18858,18859,18860,18861,18862,18863,18864,18865,18866,18867,18868,18869,18870,18871,18872,18873
0,1,'20260515',18874,18875,18876,18877,18878,18879,18880,18881,18882,18883,18884,18885,18886,18887,18888,18889,18890,18891,18892,18893,18894,18895,18896,18897,18898,18899,18900,18901,18902,18903,18904,18905,18906,18907,18908,18909,18910,18911,18912,18913,18914,18915,18916,18917,18918,18919,18920,18921,18922,18923,18924,18925,18926,18927,18928,18929,18930,18931,18932,18933,18934,18935,18936,18937,18938,18939,18940,18941,18942,18943,18944,18945,18946,18947,18948,18949,18950,18951,18952
0,1,'20260516',18953,18954,18955,18956,18957,18958,18959,18960,18961,18962,18963,18964,18965,18966,18967,18968,18969,18970,18971,18972,18973,18974,18975,18976,18977,18978,18979,18980,18981,18982,18983,18984,18985,18986,18987,18988,18989,18990,18991,18992,18993,18994,18995,18996,18997,18998,18999,19000,19001,19002,19003,19004,19005,19006,19007,19008,19009,19010,19011,19012,19013,19014,19015,19016,19017,19018,19019,19020,19021,19022,19023,19024,19025,19026,19027
