0,0,'20260305',5828,5829,5830,5831,5832,5833,5834,5835,5836,5837,5838,5839,5840,5841,5842,5843,5844,5845,5846,5847,5848,5849,5850,5851,5852,5853,5854,5855,5856,5857,5858,5859,5860,5861,5862,5863,5864,5865,5866,5867,5868,5869,5870,5871,5872,5873,5874,5875,5876,5877,5878,5879,5880,5881,5882,5883,5884,5885,5886,5887,5888,5889,5890,5891,5892,5893,5894,5895,5896,5897,5898,5899,5900,5901,5902,5903,5904,5905,5906,5907,5908
0,0,'20260306',5909,5910,5911,5912,5913,5914,5915,5916,5917,5918,5919,5920,5921,5922,5923,5924,5925,5926,5927,5928,5929,5930,5931,5932,5933,5934,5935,5936,5937,5938,5939,5940,5941,5942,5943,5944,5945,5946,5947,5948,5949,5950,5951,5952,5953,5954,5955,5956,5957,5958,5959,5960,5961,5962,5963,5964,5965,5966,5967,5968,5969,5970,5971,5972,5973,5974,5975,5976,5977,5978,5979,5980,5981,5982,5983,5984,5985,5986,5987,5988,5989
0,0,'20260307',5990,5991,5992,5993,5994,5995,5996,5997,5998,5999,6000,6001,6002,6003,6004,6005,6006,6007,6008,6009,6010,6011,6012,6013,6014,6015,6016,6017,6018,6019,6020,6021,6022,6023,6024,6025,6026,6027,6028,6029,6030,6031,6032,6033,6034,6035,6036,6037,6038,6039,6040,6041,6042,6043,6044,6045,6046,6047,6048,6049,6050,6051,6052,6053,6054,6055,6056,6057,6058,6059,6060,6061,6062,6063,6064,6065,6066
0,0,'20260308',6067,6068,6069,6070,6071,6072,6073,6074,6075,6076,6077,6078,6079,6080,6081,6082,6083,6084,6085,6086,6087,6088,6089,6090,6091,6092,6093,6094,6095,6096,6097,6098,6099,6100,6101,6102,6103,6104,6105,6106,6107,6108,6109,6110,6111,6112,6113,6114,6115,6116,6117,6118,6119,6120,6121,6122,6123,6124,6125,6126,6127,6128,6129,6130,6131,6132,6133,6134,6135,6136,6137,6138,6139,6140,6141,6142,6143
0,0,'20260309',6144,6145,6146,6147,6148,6149,6150,6151,6152,6153,6154,6155,6156,6157,6158,6159,6160,6161,6162,6163,6164,6165,6166,6167,6168,6169,6170,6171,6172,6173,6174,6175,6176,6177,6178,6179,6180,6181,6182,6183,6184,6185,6186,6187,6188,6189,6190,6191,6192,6193,6194,6195,6196,6197,6198,6199,6200,6201,6202,6203,6204,6205,6206,6207,6208,6209,6210,6211,6212,6213,6214,6215,6216,6217,6218,6219,6220,6221,6222,6223,6224
0,0,'20260310',6225,6226,6227,6228,6229,6230,6231,6232,6233,6234,6235,6236,6237,6238,6239,6240,6241,6242,6243,6244,6245,6246,6247,6248,6249,6250,6251,6252,6253,6254,6255,6256,6257,6258,6259,6260,6261,6262,6263,6264,6265,6266,6267,6268,6269,6270,6271,6272,6273,6274,6275,6276,6277,6278,6279,6280,6281,6282,6283,6284,6285,6286,6287,6288,6289,6290,6291,6292,6293,6294,6295,6296,6297,6298,6299,6300,6301,6302,6303,6304,6305
0,0,'20260311',6306,6307,6308,6309,6310,6311,6312,6313,6314,6315,6316,6317,6318,6319,6320,6321,6322,6323,6324,6325,6326,6327,6328,6329,6330,6331,6332,6333,6334,6335,6336,6337,6338,6339,6340,6341,6342,6343,6344,6345,6346,6347,6348,6349,6350,6351,6352,6353,6354,6355,6356,6357,6358,6359,6360,6361,6362,6363,6364,6365,6366,6367,6368,6369,6370,6371,6372,6373,6374,6375,6376,6377,6378,6379,6380,6381,6382,6383,6384,6385,6386
0,0,'20260312',6387,6388,6389,6390,6391,6392,6393,6394,6395,6396,6397,6398,6399,6400,6401,6402,6403,6404,6405,6406,6407,6408,6409,6410,6411,6412,6413,6414,6415,6416,6417,6418,6419,6420,6421,6422,6423,6424,6425,6426,6427,6428,6429,6430,6431,6432,6433,6434,6435,6436,6437,6438,6439,6440,6441,6442,6443,6444,6445,6446,6447,6448,6449,6450,6451,6452,6453,6454,6455,6456,6457,6458,6459,6460,6461,6462,6463,6464,6465,6466,6467
0,0,'20260313',6468,6469,6470,6471,6472,6473,6474,6475,6476,6477,6478,6479,6480,6481,6482,6483,6484,6485,6486,6487,6488,6489,6490,6491,6492,6493,6494,6495,6496,6497,6498,6499,6500,6501,6502,6503,6504,6505,6506,6507,6508,6509,6510,6511,6512,6513,6514,6515,6516,6517,6518,6519,6520,6521,6522,6523,6524,6525,6526,6527,6528,6529,6530,6531,6532,6533,6534,6535,6536,6537,6538,6539,6540,6541,6542,6543,6544,6545,6546,6547,6548
0,0,'20260314',6549,6550,6551,6552,6553,6554,6555,6556,6557,6558,6559,6560,6561,6562,6563,6564,6565,6566,6567,6568,6569,6570,6571,6572,6573,6574,6575,6576,6577,6578,6579,6580,6581,6582,6583,6584,6585,6586,6587,6588,6589,6590,6591,6592,6593,6594,6595,6596,6597,6598,6599,6600,6601,6602,6603,6604,6605,6606,6607,6608,6609,6610,6611,6612,6613,6614,6615,6616,6617,6618,6619,6620,6621,6622,6623,6624,6625
0,0,'20260315',6626,6627,6628,6629,6630,6631,6632,6633,6634,6635,6636,6637,6638,6639,6640,6641,6642,6643,6644,6645,6646,6647,6648,6649,6650,6651,6652,6653,6654,6655,6656,6657,6658,6659,6660,6661,6662,6663,6664,6665,6666,6667,6668,6669,6670,6671,6672,6673,6674,6675,6676,6677,6678,6679,6680,6681,6682,6683,6684,6685,6686,6687,6688,6689,6690,6691,6692,6693,6694,6695,6696,6697,6698,6699,6700,6701,6702
0,0,'20260316',6703,6704,6705,6706,6707,6708,6709,6710,6711,6712,6713,6714,6715,6716,6717,6718,6719,6720,6721,6722,6723,6724,6725,6726,6727,6728,6729,6730,6731,6732,6733,6734,6735,6736,6737,6738,6739,6740,6741,6742,6743,6744,6745,6746,6747,6748,6749,6750,6751,6752,6753,6754,6755,6756,6757,6758,6759,6760,6761,6762,6763,6764,6765,6766,6767,6768,6769,6770,6771,6772,6773,6774,6775,6776,6777,6778,6779,6780,6781,6782,6783
0,0,'20260317',6784,6785,6786,6787,6788,6789,6790,6791,6792,6793,6794,6795,6796,6797,6798,6799,6800,6801,6802,6803,6804,6805,6806,6807,6808,6809,6810,6811,6812,6813,6814,6815,6816,6817,6818,6819,6820,6821,6822,6823,6824,6825,6826,6827,6828,6829,6830,6831,6832,6833,6834,6835,6836,6837,6838,6839,6840,6841,6842,6843,6844,6845,6846,6847,6848,6849,6850,6851,6852,6853,6854,6855,6856,6857,6858,6859,6860,6861,6862,6863,6864
0,0,'20260318',6865,6866,6867,6868,6869,6870,6871,6872,6873,6874,6875,6876,6877,6878,6879,6880,6881,6882,6883,6884,6885,6886,6887,6888,6889,6890,6891,6892,6893,6894,6895,6896,6897,6898,6899,6900,6901,6902,6903,6904,6905,6906,6907,6908,6909,6910,6911,6912,6913,6914,6915,6916,6917,6918,6919,6920,6921,6922,6923,6924,6925,6926,6927,6928,6929,6930,6931,6932,6933,6934,6935,6936,6937,6938,6939,6940,6941,6942,6943,6944,6945
0,0,'20260319',6946,6947,6948,6949,6950,6951,6952,6953,6954,6955,6956,6957,6958,6959,6960,6961,6962,6963,6964,6965,6966,6967,6968,6969,6970,6971,6972,6973,6974,6975,6976,6977,6978,6979,6980,6981,6982,6983,6984,6985,6986,6987,6988,6989,6990,6991,6992,6993,6994,6995,6996,6997,6998,6999,7000,7001,7002,7003,7004,7005,7006,7007,7008,7009,7010,7011,7012,7013,7014,7015,7016,7017,7018,7019,7020,7021,7022,7023,7024,7025,7026
0,0,'20260320',7027,7028,7029,7030,7031,7032,7033,7034,7035,7036,7037,7038,7039,7040,7041,7042,7043,7044,7045,7046,7047,7048,7049,7050,7051,7052,7053,7054,7055,7056,7057,7058,7059,7060,7061,7062,7063,7064,7065,7066,7067,7068,7069,7070,7071,7072,7073,7074,7075,7076,7077,7078,7079,7080,7081,7082,7083,7084,7085,7086,7087,7088,7089,7090,7091,7092,7093,7094,7095,7096,7097,7098,7099,7100,7101,7102,7103,7104,7105,7106,7107
0,0,'20260321',7108,7109,7110,7111,7112,7113,7114,7115,7116,7117,7118,7119,7120,7121,7122,7123,7124,7125,7126,7127,7128,7129,7130,7131,7132,7133,7134,7135,7136,7137,7138,7139,7140,7141,7142,7143,7144,7145,7146,7147,7148,7149,7150,7151,7152,7153,7154,7155,7156,7157,7158,7159,7160,7161,7162,7163,7164,7165,7166,7167,7168,7169,7170,7171,7172,7173,7174,7175,7176,7177,7178,7179,7180,7181,7182,7183,7184
0,0,'20260322',7185,7186,7187,7188,7189,7190,7191,7192,7193,7194,7195,7196,7197,7198,7199,7200,7201,7202,7203,7204,7205,7206,7207,7208,7209,7210,7211,7212,7213,7214,7215,7216,7217,7218,7219,7220,7221,7222,7223,7224,7225,7226,7227,7228,7229,7230,7231,7232,7233,7234,7235,7236,7237,7238,7239,7240,7241,7242,7243,7244,7245,7246,7247,7248,7249,7250,7251,7252,7253,7254,7255,7256,7257,7258,7259,7260,7261
0,0,'20260323',7262,7263,7264,7265,7266,7267,7268,7269,7270,7271,7272,7273,7274,7275,7276,7277,7278,7279,7280,7281,7282,7283,7284,7285,7286,7287,7288,7289,7290,7291,7292,7293,7294,7295,7296,7297,7298,7299,7300,7301,7302,7303,7304,7305,7306,7307,7308,7309,7310,7311,7312,7313,7314,7315,7316,7317,7318,7319,7320,7321,7322,7323,7324,7325,7326,7327,7328,7329,7330,7331,7332,7333,7334,7335,7336,7337,7338,7339,7340,7341,7342
0,0,'20260324',7343,7344,7345,7346,7347,7348,7349,7350,7351,7352,7353,7354,7355,7356,7357,7358,7359,7360,7361,7362,7363,7364,7365,7366,7367,7368,7369,7370,7371,7372,7373,7374,7375,7376,7377,7378,7379,7380,7381,7382,7383,7384,7385,7386,7387,7388,7389,7390,7391,7392,7393,7394,7395,7396,7397,7398,7399,7400,7401,7402,7403,7404,7405,7406,7407,7408,7409,7410,7411,7412,7413,7414,7415,7416,7417,7418,7419,7420,7421,7422,7423
0,0,'20260325',7424,7425,7426,7427,7428,7429,7430,7431,7432,7433,7434,7435,7436,7437,7438,7439,7440,7441,7442,7443,7444,7445,7446,7447,7448,7449,7450,7451,7452,7453,7454,7455,7456,7457,7458,7459,7460,7461,7462,7463,7464,7465,7466,7467,7468,7469,7470,7471,7472,7473,7474,7475,7476,7477,7478,7479,7480,7481,7482,7483,7484,7485,7486,7487,7488,7489,7490,7491,7492,7493,7494,7495,7496,7497,7498,7499,7500,7501,7502,7503,7504
0,0,'20260326',7505,7506,7507,7508,7509,7510,7511,7512,7513,7514,7515,7516,7517,7518,7519,7520,7521,7522,7523,7524,7525,7526,7527,7528,7529,7530,7531,7532,7533,7534,7535,7536,7537,7538,7539,7540,7541,7542,7543,7544,7545,7546,7547,7548,7549,7550,7551,7552,7553,7554,7555,7556,7557,7558,7559,7560,7561,7562,7563,7564,7565,7566,7567,7568,7569,7570,7571,7572,7573,7574,7575,7576,7577,7578,7579,7580,7581,7582,7583,7584,7585
0,0,'20260327',7586,7587,7588,7589,7590,7591,7592,7593,7594,7595,7596,7597,7598,7599,7600,7601,7602,7603,7604,7607,7608,7609,7610,7611,7612,7613,7614,7615,7616,7617,7618,7619,7620,7621,7622,7623,7626,7627,7628,7629,7630,7631,7632,7633,7634,7635,7636,7637,7638,7639,7640,7641,7642,7643,7646,7647,7648,7649,7650,7651,7652,7653,7654,7655,7656,7657,7658,7659,7660,7661,7662,7663,7664
0,1,'20260305',20127,20128,20129,20130,20131,20132,20133,20134,20135,20136,20137,20138,20139,20140,20141,20142,20143,20144,20145,20146,20147,20148,20149,20150,20151,20152,20153,20154,20155,20156,20157,20158,20159,20160,20161,20162,20163,20164,20165,20166,20167,20168,20169,20170,20171,20172,20173,20174,20175,20176,20177,20178,20179,20180,20181,20182,20183,20184,20185,20186,20187,20188,20189,20190,20191,20192,20193,20194,20195,20196,20197,20198,20199,20200,20201,20202,20203,20204,20205
0,1,'20260306',20206,20207,20208,20209,20210,20211,20212,20213,20214,20215,20216,20217,20218,20219,20220,20221,20222,20223,20224,20225,20226,20227,20228,20229,20230,20231,20232,20233,20234,20235,20236,20237,20238,20239,20240,20241,20242,20243,20244,20245,20246,20247,20248,20249,20250,20251,20252,20253,20254,20255,20256,20257,20258,20259,20260,20261,20262,20263,20264,20265,20266,20267,20268,20269,20270,20271,20272,20273,20274,20275,20276,20277,20278,20279,20280,20281,20282,20283,20284
0,1,'20260307',20285,20286,20287,20288,20289,20290,20291,20292,20293,20294,20295,20296,20297,20298,20299,20300,20301,20302,20303,20304,20305,20306,20307,20308,20309,20310,20311,20312,20313,20314,20315,20316,20317,20318,20319,20320,20321,20322,20323,20324,20325,20326,20327,20328,20329,20330,20331,20332,20333,20334,20335,20336,20337,20338,20339,20340,20341,20342,20343,20344,20345,20346,20347,20348,20349,20350,20351,20352,20353,20354,20355,20356,20357,20358,20359
0,1,'20260308',20360,20361,20362,20363,20364,20365,20366,20367,20368,20369,20370,20371,20372,20373,20374,20375,20376,20377,20378,20379,20380,20381,20382,20383,20384,20385,20386,20387,20388,20389,20390,20391,20392,20393,20394,20395,20396,20397,20398,20399,20400,20401,20402,20403,20404,20405,20406,20407,20408,20409,20410,20411,20412,20413,20414,20415,20416,20417,20418,20419,20420,20421,20422,20423,20424,20425,20426,20427,20428,20429,20430,20431,20432,20433,20434
0,1,'20260309',20435,20436,20437,20438,20439,20440,20441,20442,20443,20444,20445,20446,20447,20448,20449,20450,20451,20452,20453,20454,20455,20456,20457,20458,20459,20460,20461,20462,20463,20464,20465,20466,20467,20468,20469,20470,20471,20472,20473,20474,20475,20476,20477,20478,20479,20480,20481,20482,20483,20484,20485,20486,20487,20488,20489,20490,20491,20492,20493,20494,20495,20496,20497,20498,20499,20500,20501,20502,20503,20504,20505,20506,20507,20508,20509,20510,20511,20512,20513
0,1,'20260310',20514,20515,20516,20517,20518,20519,20520,20521,20522,20523,20524,20525,20526,20527,20528,20529,20530,20531,20532,20533,20534,20535,20536,20537,20538,20539,20540,20541,20542,20543,20544,20545,20546,20547,20548,20549,20550,20551,20552,20553,20554,20555,20556,20557,20558,20559,20560,20561,20562,20563,20564,20565,20566,20567,20568,20569,20570,20571,20572,20573,20574,20575,20576,20577,20578,20579,20580,20581,20582,20583,20584,20585,20586,20587,20588,20589,20590,20591,20592
0,1,'20260311',20593,20594,20595,20596,20597,20598,20599,20600,20601,20602,20603,20604,20605,20606,20607,20608,20609,20610,20611,20612,20613,20614,20615,20616,20617,20618,20619,20620,20621,20622,20623,20624,20625,20626,20627,20628,20629,20630,20631,20632,20633,20634,20635,20636,20637,20638,20639,20640,20641,20642,20643,20644,20645,20646,20647,20648,20649,20650,20651,20652,20653,20654,20655,20656,20657,20658,20659,20660,20661,20662,20663,20664,20665,20666,20667,20668,20669,20670,20671
0,1,'20260312',20672,20673,20674,20675,20676,20677,20678,20679,20680,20681,20682,20683,20684,20685,20686,20687,20688,20689,20690,20691,20692,20693,20694,20695,20696,20697,20698,20699,20700,20701,20702,20703,20704,20705,20706,20707,20708,20709,20710,20711,20712,20713,20714,20715,20716,20717,20718,20719,20720,20721,20722,20723,20724,20725,20726,20727,20728,20729,20730,20731,20732,20733,20734,20735,20736,20737,20738,20739,20740,20741,20742,20743,20744,20745,20746,20747,20748,20749,20750
0,1,'20260313',20751,20752,20753,20754,20755,20756,20757,20758,20759,20760,20761,20762,20763,20764,20765,20766,20767,20768,20769,20770,20771,20772,20773,20774,20775,20776,20777,20778,20779,20780,20781,20782,20783,20784,20785,20786,20787,20788,20789,20790,20791,20792,20793,20794,20795,20796,20797,20798,20799,20800,20801,20802,20803,20804,20805,20806,20807,20808,20809,20810,20811,20812,20813,20814,20815,20816,20817,20818,20819,20820,20821,20822,20823,20824,20825,20826,20827,20828,20829
0,1,'20260314',20830,20831,20832,20833,20834,20835,20836,20837,20838,20839,20840,20841,20842,20843,20844,20845,20846,20847,20848,20849,20850,20851,20852,20853,20854,20855,20856,20857,20858,20859,20860,20861,20862,20863,20864,20865,20866,20867,20868,20869,20870,20871,20872,20873,20874,20875,20876,20877,20878,20879,20880,20881,20882,20883,20884,20885,20886,20887,20888,20889,20890,20891,20892,20893,20894,20895,20896,20897,20898,20899,20900,20901,20902,20903,20904
0,1,'20260315',20905,20906,20907,20908,20909,20910,20911,20912,20913,20914,20915,20916,20917,20918,20919,20920,20921,20922,20923,20924,20925,20926,20927,20928,20929,20930,20931,20932,20933,20934,20935,20936,20937,20938,20939,20940,20941,20942,20943,20944,20945,20946,20947,20948,20949,20950,20951,20952,20953,20954,20955,20956,20957,20958,20959,20960,20961,20962,20963,20964,20965,20966,20967,20968,20969,20970,20971,20972,20973,20974,20975,20976,20977,20978,20979
0,1,'20260316',20980,20981,20982,20983,20984,20985,20986,20987,20988,20989,20990,20991,20992,20993,20994,20995,20996,20997,20998,20999,21000,21001,21002,21003,21004,21005,21006,21007,21008,21009,21010,21011,21012,21013,21014,21015,21016,21017,21018,21019,21020,21021,21022,21023,21024,21025,21026,21027,21028,21029,21030,21031,21032,21033,21034,21035,21036,21037,21038,21039,21040,21041,21042,21043,21044,21045,21046,21047,21048,21049,21050,21051,21052,21053,21054,21055,21056,21057,21058
0,1,'20260317',21059,21060,21061,21062,21063,21064,21065,21066,21067,21068,21069,21070,21071,21072,21073,21074,21075,21076,21077,21078,21079,21080,21081,21082,21083,21084,21085,21086,21087,21088,21089,21090,21091,21092,21093,21094,21095,21096,21097,21098,21099,21100,21101,21102,21103,21104,21105,21106,21107,21108,21109,21110,21111,21112,21113,21114,21115,21116,21117,21118,21119,21120,21121,21122,21123,21124,21125,21126,21127,21128,21129,21130,21131,21132,21133,21134,21135,21136,21137
0,1,'20260318',21138,21139,21140,21141,21142,21143,21144,21145,21146,21147,21148,21149,21150,21151,21152,21153,21154,21155,21156,21157,21158,21159,21160,21161,21162,21163,21164,21165,21166,21167,21168,21169,21170,21171,21172,21173,21174,21175,21176,21177,21178,21179,21180,21181,21182,21183,21184,21185,21186,21187,21188,21189,21190,21191,21192,21193,21194,21195,21196,21197,21198,21199,21200,21201,21202,21203,21204,21205,21206,21207,21208,21209,21210,21211,21212,21213,21214,21215,21216
0,1,'20260319',21217,21218,21219,21220,21221,21222,21223,21224,21225,21226,21227,21228,21229,21230,21231,21232,21233,21234,21235,21236,21237,21238,21239,21240,21241,21242,21243,21244,21245,21246,21247,21248,21249,21250,21251,21252,21253,21254,21255,21256,21257,21258,21259,21260,21261,21262,21263,21264,21265,21266,21267,21268,21269,21270,21271,21272,21273,21274,21275,21276,21277,21278,21279,21280,21281,21282,21283,21284,21285,21286,21287,21288,21289,21290,21291,21292,21293,21294,21295
0,1,'20260320',21296,21297,21298,21299,21300,21301,21302,21303,21304,21305,21306,21307,21308,21309,21310,21311,21312,21313,21314,21315,21316,21317,21318,21319,21320,21321,21322,21323,21324,21325,21326,21327,21328,21329,21330,21331,21332,21333,21334,21335,21336,21337,21338,21339,21340,21341,21342,21343,21344,21345,21346,21347,21348,21349,21350,21351,21352,21353,21354,21355,21356,21357,21358,21359,21360,21361,21362,21363,21364,21365,21366,21367,21368,21369,21370,21371,21372,21373,21374
0,1,'20260321',21375,21376,21377,21378,21379,21380,21381,21382,21383,21384,21385,21386,21387,21388,21389,21390,21391,21392,21393,21394,21395,21396,21397,21398,21399,21400,21401,21402,21403,21404,21405,21406,21407,21408,21409,21410,21411,21412,21413,21414,21415,21416,21417,21418,21419,21420,21421,21422,21423,21424,21425,21426,21427,21428,21429,21430,21431,21432,21433,21434,21435,21436,21437,21438,21439,21440,21441,21442,21443,21444,21445,21446,21447,21448,21449
0,1,'20260322',21450,21451,21452,21453,21454,21455,21456,21457,21458,21459,21460,21461,21462,21463,21464,21465,21466,21467,21468,21469,21470,21471,21472,21473,21474,21475,21476,21477,21478,21479,21480,21481,21482,21483,21484,21485,21486,21487,21488,21489,21490,21491,21492,21493,21494,21495,21496,21497,21498,21499,21500,21501,21502,21503,21504,21505,21506,21507,21508,21509,21510,21511,21512,21513,21514,21515,21516,21517,21518,21519,21520,21521,21522,21523,21524
0,1,'20260323',21525,21526,21527,21528,21529,21530,21531,21532,21533,21534,21535,21536,21537,21538,21539,21540,21541,21542,21543,21544,21545,21546,21547,21548,21549,21550,21551,21552,21553,21554,21555,21556,21557,21558,21559,21560,21561,21562,21563,21564,21565,21566,21567,21568,21569,21570,21571,21572,21573,21574,21575,21576,21577,21578,21579,21580,21581,21582,21583,21584,21585,21586,21587,21588,21589,21590,21591,21592,21593,21594,21595,21596,21597,21598,21599,21600,21601,21602,21603
0,1,'20260324',21604,21605,21606,21607,21608,21609,21610,21611,21612,21613,21614,21615,21616,21617,21618,21619,21620,21621,21622,21623,21624,21625,21626,21627,21628,21629,21630,21631,21632,21633,21634,21635,21636,21637,21638,21639,21640,21641,21642,21643,21644,21645,21646,21647,21648,21649,21650,21651,21652,21653,21654,21655,21656,21657,21658,21659,21660,21661,21662,21663,21664,21665,21666,21667,21668,21669,21670,21671,21672,21673,21674,21675,21676,21677,21678,21679,21680,21681,21682
0,1,'20260325',21683,21684,21685,21686,21687,21688,21689,21690,21691,21692,21693,21694,21695,21696,21697,21698,21699,21700,21701,21702,21703,21704,21705,21706,21707,21708,21709,21710,21711,21712,21713,21714,21715,21716,21717,21718,21719,21720,21721,21722,21723,21724,21725,21726,21727,21728,21729,21730,21731,21732,21733,21734,21735,21736,21737,21738,21739,21740,21741,21742,21743,21744,21745,21746,21747,21748,21749,21750,21751,21752,21753,21754,21755,21756,21757,21758,21759,21760,21761
0,1,'20260326',21762,21763,21764,21765,21766,21767,21768,21769,21770,21771,21772,21773,21774,21775,21776,21777,21778,21779,21780,21781,21782,21783,21784,21785,21786,21787,21788,21789,21790,21791,21792,21793,21794,21795,21796,21797,21798,21799,21800,21801,21802,21803,21804,21805,21806,21807,21808,21809,21810,21811,21812,21813,21814,21815,21816,21817,21818,21819,21820,21821,21822,21823,21824,21825,21826,21827,21828,21829,21830,21831,21832,21833,21834,21835,21836,21837,21838,21839,21840
0,1,'20260327',21841,21842,21843,21844,21845,21846,21847,21848,21849,21850,21851,21852,21853,21854,21855,21856,21857,21858,21859,21861,21862,21863,21864,21865,21866,21867,21868,21869,21870,21871,21872,21873,21874,21875,21876,21877,21878,21881,21882,21883,21884,21885,21886,21887,21888,21889,21890,21891,21892,21893,21894,21895,21896,21897,21898,21900,21901,21902,21903,21904,21905,21906,21907,21908,21909,21910,21911,21912,21913,21914,21915,21916,21917,21918
